[0.03571429 0.03571429 0.03571429 0.03571429 0.03571429 0.03571429
 0.03571429 0.03571429 0.03571429 0.03571429 0.03571429 0.03571429
 0.03571429 0.03571429 0.03571429 0.03571429 0.03571429 0.03571429
 0.03571429 0.03571429 0.03571429 0.03571429 0.03571429 0.03571429
 0.03571429 0.03571429 0.03571429 0.03571429], [0.03571429 0.03571429 0.03571429 0.03571429 0.03571429 0.03571429
 0.03571429 0.03571429 0.03571429 0.03571429 0.03571429 0.03571429
 0.03571429 0.03571429 0.03571429 0.03571429 0.03571429 0.03571429
 0.03571429 0.03571429 0.03571429 0.03571429 0.03571429 0.03571429
 0.03571429 0.03571429 0.03571429 0.03571429], [0.03571429 0.03571429 0.03571429 0.03571429 0.03571429 0.03571429
 0.03571429 0.03571429 0.03571429 0.03571429 0.03571429 0.03571429
 0.03571429 0.03571429 0.03571429 0.03571429 0.03571429 0.03571429
 0.03571429 0.03571429 0.03571429 0.03571429 0.03571429 0.03571429
 0.03571429 0.03571429 0.03571429 0.03571429], [0.03571429 0.03571429 0.03571429 0.03571429 0.03571429 0.03571429
 0.03571429 0.03571429 0.03571429 0.03571429 0.03571429 0.03571429
 0.03571429 0.03571429 0.03571429 0.03571429 0.03571429 0.03571429
 0.03571429 0.03571429 0.03571429 0.03571429 0.03571429 0.03571429
 0.03571429 0.03571429 0.03571429 0.03571429], [0.03571429 0.03571429 0.03571429 0.03571429 0.03571429 0.03571429
 0.03571429 0.03571429 0.03571429 0.03571429 0.03571429 0.03571429
 0.03571429 0.03571429 0.03571429 0.03571429 0.03571429 0.03571429
 0.03571429 0.03571429 0.03571429 0.03571429 0.03571429 0.03571429
 0.03571429 0.03571429 0.03571429 0.03571429], [0.03571429 0.03571429 0.03571429 0.03571429 0.03571429 0.03571429
 0.03571429 0.03571429 0.03571429 0.03571429 0.03571429 0.03571429
 0.03571429 0.03571429 0.03571429 0.03571429 0.03571429 0.03571429
 0.03571429 0.03571429 0.03571429 0.03571429 0.03571429 0.03571429
 0.03571429 0.03571429 0.03571429 0.03571429], [0.03571429 0.03571429 0.03571429 0.03571429 0.03571429 0.03571429
 0.03571429 0.03571429 0.03571429 0.03571429 0.03571429 0.03571429
 0.03571429 0.03571429 0.03571429 0.03571429 0.03571429 0.03571429
 0.03571429 0.03571429 0.03571429 0.03571429 0.03571429 0.03571429
 0.03571429 0.03571429 0.03571429 0.03571429], [0.03169955 0.03169955 0.03169955 0.03169955 0.03169955 0.03169955
 0.04406714 0.06548315 0.05913553 0.0573091  0.04010884 0.03650609
 0.03169955 0.03169955 0.03169955 0.03169955 0.03169955 0.03169955
 0.03169955 0.03169955 0.03169955 0.03169955 0.03169955 0.03169955
 0.03169955 0.03169955 0.03169955 0.03169955], [0.02067988 0.02067988 0.02067988 0.02067988 0.02067988 0.02067988
 0.04939008 0.05599373 0.05599373 0.05599373 0.05599373 0.05321069
 0.04495365 0.04495365 0.04495365 0.04495365 0.04495365 0.04495365
 0.04495365 0.04495365 0.04027891 0.02535771 0.02067988 0.02067988
 0.02067988 0.02067988 0.02067988 0.02067988], [0.02100883 0.02100883 0.02100883 0.02100883 0.02100883 0.02100883
 0.02732188 0.03285164 0.02786289 0.03285164 0.03981161 0.05116926
 0.05688441 0.0507695  0.05688441 0.05688441 0.05688441 0.05599906
 0.05157216 0.05688441 0.05688441 0.03637794 0.02100883 0.02100883
 0.02100883 0.02100883 0.02100883 0.02100883], [0.02992705 0.02992705 0.02992705 0.02992705 0.02992705 0.02992705
 0.02992705 0.02992705 0.02992705 0.02992705 0.02992705 0.03199019
 0.03876765 0.03161604 0.03891998 0.03891998 0.03891998 0.03771792
 0.03249595 0.07550908 0.08103175 0.04535176 0.02992705 0.02992705
 0.02992705 0.02992705 0.02992705 0.02992705], [0.0318223  0.0318223  0.0318223  0.0318223  0.0318223  0.0318223
 0.0318223  0.0318223  0.0318223  0.0318223  0.0318223  0.0318223
 0.0318223  0.0318223  0.0318223  0.0318223  0.0318223  0.0318223
 0.04406463 0.08582619 0.0722242  0.03414976 0.0318223  0.0318223
 0.0318223  0.0318223  0.0318223  0.0318223 ], [0.03155899 0.03155899 0.03155899 0.03155899 0.03155899 0.03155899
 0.03155899 0.03155899 0.03155899 0.03155899 0.03155899 0.03155899
 0.03155899 0.03155899 0.03155899 0.03155899 0.03155899 0.03440263
 0.07869533 0.08578622 0.04370002 0.03155899 0.03155899 0.03155899
 0.03155899 0.03155899 0.03155899 0.03155899], [0.03115518 0.03115518 0.03115518 0.03115518 0.03115518 0.03115518
 0.03115518 0.03115518 0.03115518 0.03115518 0.03115518 0.03115518
 0.03115518 0.03115518 0.03115518 0.03115518 0.03115518 0.05166925
 0.0843571  0.07922674 0.03702264 0.03115518 0.03115518 0.03115518
 0.03115518 0.03115518 0.03115518 0.03115518], [0.03134965 0.03134965 0.03134965 0.03134965 0.03134965 0.03134965
 0.03134965 0.03134965 0.03134965 0.03134965 0.03134965 0.03134965
 0.03134965 0.03134965 0.03134965 0.03134965 0.03951086 0.08323548
 0.08488365 0.03997844 0.03134965 0.03134965 0.03134965 0.03134965
 0.03134965 0.03134965 0.03134965 0.03134965], [0.03175196 0.03175196 0.03175196 0.03175196 0.03175196 0.03175196
 0.03175196 0.03175196 0.03175196 0.03175196 0.03175196 0.03175196
 0.03175196 0.03175196 0.03175196 0.03175196 0.05349152 0.08597296
 0.06610787 0.03238069 0.03175196 0.03175196 0.03175196 0.03175196
 0.03175196 0.03175196 0.03175196 0.03175196], [0.03208184 0.03208184 0.03208184 0.03208184 0.03208184 0.03208184
 0.03208184 0.03208184 0.03208184 0.03208184 0.03208184 0.03208184
 0.03208184 0.03208184 0.03208184 0.03323436 0.07167999 0.08484611
 0.04027541 0.03208184 0.03208184 0.03208184 0.03208184 0.03208184
 0.03208184 0.03208184 0.03208184 0.03208184], [0.03185903 0.03185903 0.03185903 0.03185903 0.03185903 0.03185903
 0.03185903 0.03185903 0.03185903 0.03185903 0.03185903 0.03185903
 0.03185903 0.03185903 0.03185903 0.05221859 0.08626287 0.06504285
 0.03185903 0.03185903 0.03185903 0.03185903 0.03185903 0.03185903
 0.03185903 0.03185903 0.03185903 0.03185903], [0.03141553 0.03141553 0.03141553 0.03141553 0.03141553 0.03141553
 0.03141553 0.03141553 0.03141553 0.03141553 0.03141553 0.03141553
 0.03141553 0.03141553 0.04215781 0.08406715 0.08051783 0.03928456
 0.03141553 0.03141553 0.03141553 0.03141553 0.03141553 0.03141553
 0.03141553 0.03141553 0.03141553 0.03141553], [0.03117072 0.03117072 0.03117072 0.03117072 0.03117072 0.03117072
 0.03117072 0.03117072 0.03117072 0.03117072 0.03117072 0.03117072
 0.03117072 0.03358196 0.07415415 0.08439919 0.05976736 0.03117072
 0.03117072 0.03117072 0.03117072 0.03117072 0.03117072 0.03117072
 0.03117072 0.03117072 0.03117072 0.03117072], [0.03082252 0.03082252 0.03082252 0.03082252 0.03082252 0.03082252
 0.03082252 0.03082252 0.03082252 0.03082252 0.03082252 0.03082252
 0.03118728 0.06832831 0.08345638 0.07275293 0.03535715 0.03082252
 0.03082252 0.03082252 0.03082252 0.03082252 0.03082252 0.03082252
 0.03082252 0.03082252 0.03082252 0.03082252], [0.03131999 0.03131999 0.03131999 0.03131999 0.03131999 0.03131999
 0.03131999 0.03131999 0.03131999 0.03131999 0.03131999 0.03131999
 0.03635298 0.08480335 0.08480335 0.04236054 0.03131999 0.03131999
 0.03131999 0.03131999 0.03131999 0.03131999 0.03131999 0.03131999
 0.03131999 0.03131999 0.03131999 0.03131999], [0.03142894 0.03142894 0.03142894 0.03142894 0.03142894 0.03142894
 0.03142894 0.03142894 0.03142894 0.03142894 0.03142894 0.03549166
 0.07565325 0.08509834 0.04933874 0.03155243 0.03142894 0.03142894
 0.03142894 0.03142894 0.03142894 0.03142894 0.03142894 0.03142894
 0.03142894 0.03142894 0.03142894 0.03142894], [0.0309347  0.0309347  0.0309347  0.0309347  0.0309347  0.0309347
 0.0309347  0.0309347  0.0309347  0.0309347  0.0309347  0.05211471
 0.08376013 0.08376013 0.03793219 0.0309347  0.0309347  0.0309347
 0.0309347  0.0309347  0.0309347  0.0309347  0.0309347  0.0309347
 0.0309347  0.0309347  0.0309347  0.0309347 ], [0.02985528 0.02985528 0.02985528 0.02985528 0.02985528 0.02985528
 0.02985528 0.02985528 0.02985528 0.02985528 0.03792374 0.07712144
 0.08083743 0.08083743 0.0366086  0.02985528 0.02985528 0.02985528
 0.02985528 0.02985528 0.02985528 0.02985528 0.02985528 0.02985528
 0.02985528 0.02985528 0.02985528 0.02985528], [0.02980383 0.02980383 0.02980383 0.02980383 0.02980383 0.02980383
 0.02980383 0.02980383 0.02980383 0.02980383 0.0479015  0.08069814
 0.08069814 0.07034844 0.03486557 0.02980383 0.02980383 0.02980383
 0.02980383 0.02980383 0.02980383 0.02980383 0.02980383 0.02980383
 0.02980383 0.02980383 0.02980383 0.02980383], [0.03160568 0.03160568 0.03160568 0.03160568 0.03160568 0.03160568
 0.03160568 0.03160568 0.03160568 0.03160568 0.05079747 0.08557688
 0.07117215 0.03391729 0.03160568 0.03160568 0.03160568 0.03160568
 0.03160568 0.03160568 0.03160568 0.03160568 0.03160568 0.03160568
 0.03160568 0.03160568 0.03160568 0.03160568], [0.03571429 0.03571429 0.03571429 0.03571429 0.03571429 0.03571429
 0.03571429 0.03571429 0.03571429 0.03571429 0.03571429 0.03571429
 0.03571429 0.03571429 0.03571429 0.03571429 0.03571429 0.03571429
 0.03571429 0.03571429 0.03571429 0.03571429 0.03571429 0.03571429
 0.03571429 0.03571429 0.03571429 0.03571429]
